Year,"Adolescent fertility rate (births per 1,000 women ages 15-19)","Life expectancy at birth, female (years)"
1960,28.006,72.4
1961,25.188,72.24
1962,23.944,72.24
1963,26.681,72.68
1964,29.768,72.96
1965,33.603,72.85
1966,36.302,73.17
1967,37.273,73.59
1968,36.526,73.55
1969,34.029,73.56
1970,32.138,74.4
1971,29.561,74.32
1972,28.087,75.02
1973,26.259,75.69
1974,27.602,75.55
1975,27.767,76.14
1976,26.28,76.31
1977,23.818,76.96
1978,21.171,77.43
1979,19.265,77.55
1980,18.541,77.85
1981,17.157,78.09
1982,16.998,78.58
1983,16.042,78.36
1984,15.424,78.76
1985,14.372,78.51
1986,13.501,78.76
1987,12.777,78.71
1988,12.904,78.69
1989,12.348,78.9
1990,12.311,78.88
1991,11.702,79.32
1992,11.043,79.43
1993,10.203,79.48
1994,10.099,80.15
1995,10.091,80.21
1996,10.991,80.54
1997,9.436,80.51
1998,9.18,80.84
1999,9.488,81.02
2000,9.928,81.0
2001,10.672,81.5
2002,11.236,81.5
2003,10.817,81.8
2004,10.676,82.3
2005,10.057,82.3
2006,9.262,82.8
2007,8.871,82.9
2008,8.59,83.0
2009,8.48,83.1
2010,8.407,83.2
2011,7.918,83.8
2012,7.749,83.7
2013,7.566,84.1
2014,7.352,84.1
2015,6.394,84.4
2016,5.598,84.4
2017,4.957,84.5
2018,4.372,84.5
2019,4.048,84.8
2020,3.799,84.8
